Settings,AICc,delta_AICc,AUC_train,AUC_test,AUC_diff,Omission_10pc
fc.LHP_rm.1,45767.71575,1.270812043,0.745715338,0.735808314,0.011975623,0.107836115
fc.QHP_rm.1,45766.44494,0,0.745566665,0.735783574,0.011911253,0.107442414
fc.H_rm.1.5,45757.96876,0,0.739222277,0.73366175,0.008132422,0.102714911
fc.H_rm.2,45769.475,0,0.735820187,0.730490739,0.009858766,0.0999621
fc.QP_rm.0.3,45819.51028,0,0.734983922,0.724232776,0.0131114,0.109399316
fc.HPT_rm.2.5,45775.14207,0,0.734510672,0.727843537,0.01010209,0.105485513
fc.HPT_rm.3,45787.96906,0,0.731468455,0.726529899,0.011906167,0.105476231
fc.HT_rm.3.5,45794.31326,0,0.726313397,0.722949012,0.007314703,0.10271027
fc.H_rm.3.5,45794.53619,0.222934191,0.726304076,0.722918836,0.007293442,0.10271027
fc.H_rm.4,45804.23339,0,0.723815284,0.721201613,0.014031101,0.101542317
fc.HT_rm.4,45804.23339,0,0.723815284,0.721207113,0.014033918,0.101542317
fc.HP_rm.4.5,45812.90005,0,0.723711753,0.719754566,0.006095031,0.102318116
fc.HPT_rm.4.5,45812.90005,0,0.723711753,0.719754566,0.006095031,0.102318116
fc.LQ_rm.0.1,45826.88485,0,0.722548606,0.71861993,0.006013164,0.102314249
fc.LQHP_rm.4.5,45813.50876,0.608709075,0.722434706,0.7181916,0.005294282,0.101923642
fc.LQHPT_rm.4.5,45813.50876,0.608709075,0.722434706,0.7181916,0.005294282,0.101923642
fc.LQ_rm.0.2,45821.47515,0,0.72143699,0.716749154,0.00856691,0.103891373
fc.QHPT_rm.5,45823.93067,1.992947232,0.72051526,0.716073111,0.008374776,0.10154077
fc.QHP_rm.5,45823.93067,1.992947232,0.72051526,0.716083275,0.008376509,0.101934471
fc.LQHP_rm.5,45821.93772,0,0.720483577,0.716197595,0.008222549,0.101147069
fc.LQHPT_rm.5,45821.93772,0,0.720483577,0.716197071,0.008222261,0.101147069
fc.LQ_rm.0.4,45833.17925,0,0.71864195,0.716271305,0.011846192,0.105476231
